A <- c(1,2,3,4,5)
B <- c(4,6,3,8,9)
C <- c(10,21,31,41,51)
D <- c("a", "a", "b", "b")

